PBRT-style triangle mesh for sample plane geometry as 1x1 triangulated quads:
  Shape "trianglemesh"
    "integer indices" [ 0 2 3 0 3 1 ]
    "float uv" [ 0.0 0.0  1.0 0.0  0.0 1.0  1.0 1.0 ]
    "point P" [ -91.843124 61.607166 18.0  93.74552 58.610626 18.0  -93.049385 -60.882652 18.0  93.36032 -57.00244 18.0 ]
PBRT-style triangle mesh for sample plane geometry as 2x2 triangulated quads:
  Shape "trianglemesh"
    "integer indices" [ 0 3 4 0 4 1  1 4 5 1 5 2  3 6 7 3 7 4  4 7 8 4 8 5 ]
    "float uv" [ 0.0 0.0  0.5 0.0  1.0 0.0  0.0 0.5  0.5 0.5  1.0 0.5  0.0 1.0  0.5 1.0  1.0 1.0 ]
    "point P" [ -91.843124 61.607166 18.0  3.6195421 59.82759 18.0  93.74552 58.610626 18.0  -92.226585 0.48974296 18.0  3.2358444 0.7059087 18.0  93.34674 0.91596824 18.0  -93.049385 -60.882652 18.0  2.8505986 -58.679234 18.0  93.36032 -57.00244 18.0 ]
PBRT-style triangle mesh for sample plane geometry as 4x4 triangulated quads:
  Shape "trianglemesh"
    "integer indices" [ 0 5 6 0 6 1  1 6 7 1 7 2  2 7 8 2 8 3  3 8 9 3 9 4  5 10 11 5 11 6  6 11 12 6 12 7  7 12 13 7 13 8  8 13 14 8 14 9  10 15 16 10 16 11  11 16 17 11 17 12  12 17 18 12 18 13  13 18 19 13 19 14  15 20 21 15 21 16  16 21 22 16 22 17  17 22 23 17 23 18  18 23 24 18 24 19 ]
    "float uv" [ 0.0 0.0  0.25 0.0  0.5 0.0  0.75 0.0  1.0 0.0  0.0 0.25  0.25 0.25  0.5 0.25  0.75 0.25  1.0 0.25  0.0 0.5  0.25 0.5  0.5 0.5  0.75 0.5  1.0 0.5  0.0 0.75  0.25 0.75  0.5 0.75  0.75 0.75  1.0 0.75  0.0 1.0  0.25 1.0  0.5 1.0  0.75 1.0  1.0 1.0 ]
    "point P" [ -91.843124 61.607166 18.0  -43.256523 60.614532 18.0  3.6195421 59.82759 18.0  49.16655 59.123585 18.0  93.74552 58.610626 18.0  -91.96883 31.02336 18.0  -43.47691 30.621887 18.0  3.4277475 30.294071 18.0  48.99922 29.980778 18.0  93.48374 29.738518 18.0  -92.226585 0.48974296 18.0  -43.722137 0.5979475 18.0  3.2358444 0.7059087 18.0  48.856888 0.81053114 18.0  93.34674 0.91596824 18.0  -92.57552 -30.109356 18.0  -43.973663 -29.494051 18.0  3.0433805 -28.949865 18.0  48.720848 -28.423796 18.0  93.29576 -27.964182 18.0  -93.049385 -60.882652 18.0  -44.24619 -59.68392 18.0  2.8505986 -58.679234 18.0  48.60517 -57.752098 18.0  93.36032 -57.00244 18.0 ]
